0,520
0,472
56,2
54,2
56,4
56,1
56,3
52,1
52,3
43,2
50,5
60,4
60,1
60,3
57,1
57,3
48,1
48,3
43,4
43,1
43,3
46,1
46,3
47,1
47,3
50,4
50,1
50,3
54,1
54,3
0,273
0,270
3,2
3,1
3,3
10,154
10,276
10,178
10,8
10,228
10,174
10,18
10,1
10,206
10,2
10,3
11,22
11,8
11,4
11,16
11,10
11,1
11,14
11,2
11,3
9,7
9,6
9,1
9,4
9,2
9,3
8,8
8,9
8,6
8,17
8,15
8,18
8,1
8,5
8,2
8,3
12,2
12,1
12,3
20,2
20,1
20,3
19,2
19,1
19,3
18,1
18,3
2,2
2,1
14,1
2,3
14,3
13,1
13,3
0,0
61,34
61,33
61,32
61,31
61,30
61,29
61,28
61,27
61,26
61,25
61,24
61,23
61,22
